44518055000163
44518055000163
44518055000163
44518055000163
44518055000163
23866824000144
23866824000144
23866824000144
23866824000144
23866824000144
23866824000144
82868621000156
82868621000156
82868621000156
82868621000156
82868621000156
82868621000156
52337301000109
37803787000130
37803787000130
37803787000130
37803787000130
37803787000130
37803787000130
08698239000199
08698239000199
08698239000199
08698239000199
08698239000199
08698239000199
83198564000108
83198564000108
83198564000108
83198564000108
83198564000108
83198564000108
97493019000159
97493019000159
97493019000159
97493019000159
97493019000159
97493019000159
27312819000140





04961763000230
27397316000115
83550145000193
75315333016889
83621755000130
15874695000299
17283362000130
27734082000154
33865204000144
48871163000176
43546826000163
13501187000906
26894593000170
05042501000154
02486117000152
39752938000101
34925445000102
10845180000166
27470795000158
28376269000196
83115493000132
41576636000163
15104113000104
05390657000126
24079611000135
05089637002163
09653369000178
05880025000140
20677755000132
80934631000540
38318110000179
04962325000106
03770521001279
66704792000193
36131962000127
45244831000147
21525319000100
52192046000153
17214786000142
05990672000105
04565223000238
22428581000108
43283811001202
83495085000153
00288948000518
19425767000190
36378837000116
09602283000205
35675227000111
08509338000185
01754239000624
19253169000343
27332202000197
05360952000210
42735812000125
41823479000143
42947047000107
47457968000105
00341857000175
46321053000105
47930909000102
07293851000119
02831172002348
28883218000150
14746896000167
38069509000163
33434465000100
44826313000179
45467429000121
76842285000331
41253982000100
83688440000100
01754239000896
79657490000153
09477652007018
05570714000825
53939351000129
09413662000168
09413662000168
09413662000168
09413662000168
09413662000168
09413662000168
80488315000320
80488315000320
80488315000320
80488315000320
80488315000320
80488315000320
18624014000141
18624014000141
18624014000141
18624014000141
18624014000141
18624014000141
75339275000315
26396103000378
05360952000130
05201600000565
41471081000195
41471081000195
41471081000195
41471081000195
41471081000195
28750038000109
28750038000109
28750038000109
28750038000109
28750038000109
28750038000109
07663624000138
07663624000138
07663624000138
07663624000138
07663624000138
07663624000138
32322023000109
32322023000109
32322023000109
32322023000109
32322023000109
32322023000109
84869593000117
32179428000130
32179428000130
32179428000130
32179428000130
32179428000130
32179428000130
09434352000120
09434352000120
09434352000120
09434352000120
09434352000120
09434352000120
36147187000106
36147187000106
36147187000106
36147187000106
36147187000106
36147187000106
00915386001486
19905295000173
23515003000163
23515003000163
23515003000163
23515003000163
23515003000163
23515003000163
02952629000167
02952629000167
02952629000167
02952629000167
02952629000167
02952629000167
36261020000163
26117244000142
26117244000142
26117244000142
26117244000142
26117244000142
26117244000142
34980526000369
34980526000369
34980526000369
34980526000369
34980526000369
34980526000369
44066444000286
24286892000105
85288918000130
03851333000112
04046294000143
55388568000113
29378868000101
44497223000262
18634666000167
43861187000120
15754347000105
83744896000140
10293200000133
44335670000134
08609875000105
60409075049402
95813424000181
36381142000193
05823163000198
16701716003686
10417394000131
25450780000100
11767844000421
10851899000100
01127671000857
05089724000177
37287780000102
20542723000120
14237251000107
09082691000194
09254867000148
48822617000119
91519595000141
41087762000154
13786240000105
10384843000192
72767478000152
44922103000184
95872768000161
82767831000158
06923561000220
44854697000486
23622391000181
40842339000150
78216298000169
12316229000119
17323092000143
74631037000154
85240075000100
58479087000101
39376278000284
41788384000136
72331630000150
73562126000123
24729586000198
06136910000344
18284098000111
30906352000171
09008416000120
20732604000130
06038775000132
02164848000181
85249688000109
81790867000190
03376911000106
02375219000109
10384532000123
83182329000148
05314170000164
05516916000112
00507117000166
04365675000195
66899220000107
17138643000107
33467041000141
24622894000110
30445683000151
75339275000153
30831711000179
04961763000150
11814967000808
02216768000122
39873774000162
30001878000102
38002300000182
34752970000165
05119521000186
11380410000121
15873906000198
36986232000108
28697664000170
27786719000156
78089943000120
34200383000163
39751784000125
10978189000145
08374210000151
25985586000111
27403527000202
31723932000196
04046294000305
43707279000150
18396067000152
38059279000151
08644272000136
00861458000135
33119545000251
43707279000231
20556803000134
08815782000129
29305757000175
11888285000165
01960865000162
80650633000184
03097891000134
05126928000130
42367978000136
10549460000127
47351954000102
19512778000108
50032541000170
46786122000156
42971292000150
44066444000103
10476699000114
92946508000103
16499460000146
00973608000100
19449822000182
28866724000131
37811508000180
30870519000191
38732472000101
15733558000153
69328912000193
11369649000109
83822148000139
04703729000185
40186635000140
47975114000110
32453430000155
51158252000184
44562833000111
02376685000109
13099754000192
44557415000136
78116670002613
09437474000170
06028517000175
04145478000160
73932311000162
28866724000484
39447976000142
01754239001868
36230391000188
20326391000146
76382142002095
01202633000145
05390657000479
43355482000105
05828620000137
22546854000100
02592961000249
17087049000126
29759667000154
