52337301000109
39752938000101
10845180000166
83115493000132
05390657000126
05089637002163
20677755000132
04962325000106
66704792000193
36131962000127
21525319000100
17214786000142
83495085000153
00288948000518
15104113000104
09602283000205
08509338000185
19253169000343
46321053000105
02831172002348
76842285000331
83688440000100
09477652007018
05570714000825
53939351000129
75339275000315
26396103000378
05201600000565
84869593000117
00915386001486
41253982000100
36261020000163
55388568000113
18284098000111
02164848000181
85249688000109
81790867000190
02375219000109
10384532000123
05314170000164
05516916000112
66899220000107
24622894000110
75339275000153
04961763000150
11814967000808
39873774000162
30001878000102
05119521000186
10293200000133
11380410000121
36986232000108
28697664000170
78089943000120
10978189000145
08374210000151
04046294000305
43707279000150
08644272000136
33119545000251
43707279000231
08815782000129
01960865000162
03097891000134
10549460000127
19512778000108
50032541000170
46786122000156
92946508000103
44497223000262
00973608000100
28866724000131
69328912000193
83822148000139
44562833000111
78116670002613
04145478000160
73932311000162
28866724000484
01754239001868
36230391000188
04046294000143
20326391000146
01202633000145
05390657000479
02592961000249
17087049000126